100
4 2
5 2
6 2
1000 1000
1000 1
850651 823923
1000000 500000
926802 855995
1000000 524288
500000 237856
747257 731316
952679 752905
867725 864068
500000 262143
1000000 495896
339448 304824
878402 843226
500000 127
500000 262144
999999 475712
869956 672073
979158 880762
999999 400751
362754 275022
570783 494259
1 1
1000000 127
999999 127
1000000 999999
5 1
999999 499997
977693 850645
688872 678811
4 1
705118 540809
2 1
2 2
2 2
2 2
2 2
2 2
2 2
2 2
2 2
2 2
2 2
2 2
2 2
2 2
2 2
2 2
2 2
2 2
2 2
2 2
2 2
2 2
2 2
2 2
2 2
2 2
2 2
2 2
2 2
2 2
2 2
2 2
2 2
2 2
2 2
579126 510638
474252 460586
765583 708817
273334 240885
886821 822439
811273 669048
602024 457484
1000000 524287
999999 1
3 2
1000000 499998
1000000 499999
452340 348173
983136 839131
999999 262144
500000 1
999999 475711
256627 223330
655862 623670
1000000 128
500000 128
999999 524287
3 1
1000000 1000000
500000 131071
999999 128
463386 377816
500000 200826
1000000 2
500000 249999
